0
4370 0
4360 5660  0 
10680 -1  6310  0 
10150 10390 5790 9520 0
13720 13960 9360 -1 3570  0
17180 12810 -1 6500 -1 6160 0
17170 17410 12810 -1 7020 4680 10840 0
24130 19760 28760 13450 16680 13110 6950 17790 0
21830 17460 35730 11150 29940 10810 4650 22920 -1 0
28240 28480 23880 27610 18090 15750 16500 11070 -1 11850 0
29410 25040 34040 18730 21860 -1 12230 -1 5280 -1 -1 0
26990 22620 36780 16310 25000 22660 9810 17980 -1 5160 6910 -1 0
31140 26770 29360 20460 23560 21220 13960 16540 -1 9310 5470 -1 4150 0
31190 26820 42330 21510 34660 34200 18640 29520 7060 13990 15740 1780 8830 12980 0
33560 29190 33620 24730 27830 20560 16380 20810 16520 11730 9740 11240 6570 4270 9460 0  